-1.7806822818518055
-12.599528160246638
-3.4440075396940304
-21.509051469502307
-14.783349046365014
-7.478001294375835
-15.491098406098386
-7.472145428490333
-9.640211889899996
-5.797206356414726
-8.433095054093505
-16.01798017953699
-1.7150145855164263
7.590063169212849
-23.431733868828378
-1.7489206272305025
-10.723041394035302
-12.285313820607923
-2.6693459376187083
9.832680080193498
-20.76807333108706
-12.580529314565327
-9.64996699802739
-13.844661687744855
-44.107478829018824
-8.105698751283247
-6.061404273475399
-13.132382887595357
-10.892178606583066
-15.440564599679536
-16.568201505628462
-27.09055597146044
-12.922949710594642
-9.018391660765618
-5.936078807324272
1.3390926126950684
-8.145144458772938
-5.648676322434489
-18.88788463335067
-34.00606321625926
